x<-c(1,2,54,4)
x
x[3]
x[-2]
x[c(1,3,4)]
x[2:4]

y<-c(4,34,5,8)
x + y
x > y

z<-c(43,4,7,8,2,4,6,90)
x+z
